##FastQC	0.11.4
>>Basic Statistics	pass
#Measure	Value
Filename	SRR2433794.fastq
File type	Conventional base calls
Encoding	Sanger / Illumina 1.9
Total Sequences	31967082
Sequences flagged as poor quality	0
Sequence length	18-47
%GC	52
>>END_MODULE
>>Per base sequence quality	fail
#Base	Mean	Median	Lower Quartile	Upper Quartile	10th Percentile	90th Percentile
1	30.88674621599807	34.0	31.0	34.0	27.0	34.0
2	34.160324423730636	37.0	35.0	37.0	30.0	37.0
3	34.184294268710545	37.0	35.0	37.0	30.0	37.0
4	33.96413610726184	37.0	35.0	37.0	30.0	37.0
5	33.79726666950709	37.0	35.0	37.0	29.0	37.0
6	33.740807058961465	37.0	35.0	37.0	29.0	37.0
7	35.28727423416375	39.0	37.0	39.0	28.0	39.0
8	35.21446483604603	39.0	37.0	39.0	28.0	39.0
9	35.17245036628617	39.0	37.0	39.0	28.0	39.0
10	35.141168249263416	39.0	37.0	39.0	27.0	39.0
11	35.128250273202916	39.0	37.0	39.0	27.0	39.0
12	36.39322722668275	40.0	38.0	41.0	27.0	41.0
13	36.27751603978117	40.0	38.0	41.0	27.0	41.0
14	36.23679662097404	40.0	37.0	41.0	27.0	41.0
15	36.21257486060192	40.0	37.0	41.0	27.0	41.0
16	36.15687515676282	40.0	38.0	41.0	27.0	41.0
17	36.17765278044458	40.0	38.0	41.0	27.0	41.0
18	36.14836615365769	40.0	38.0	41.0	27.0	41.0
19	36.10166436137683	40.0	37.0	41.0	27.0	41.0
20	36.02697617332851	40.0	37.0	41.0	27.0	41.0
21	36.015551707309996	40.0	37.0	41.0	27.0	41.0
22	36.00115174070745	40.0	37.0	41.0	27.0	41.0
23	35.92021249329677	40.0	37.0	41.0	26.0	41.0
24	35.841987172833974	40.0	37.0	41.0	25.0	41.0
25	35.77427244543351	40.0	37.0	41.0	25.0	41.0
26	35.69372830049069	40.0	37.0	41.0	25.0	41.0
27	35.71851635271078	40.0	37.0	41.0	25.0	41.0
28	35.88398954956048	40.0	37.0	41.0	26.0	41.0
29	35.83476302159669	40.0	37.0	41.0	26.0	41.0
30	34.641769818264464	40.0	36.0	41.0	6.0	41.0
31	27.334462107380833	37.0	2.0	40.0	2.0	41.0
32	20.521068538883437	26.0	2.0	40.0	2.0	41.0
33	16.891988879330064	2.0	2.0	38.0	2.0	41.0
34	13.719331514804594	2.0	2.0	35.0	2.0	40.0
35	11.666088162591222	2.0	2.0	30.0	2.0	39.0
36	9.55524792593039	2.0	2.0	2.0	2.0	39.0
37	7.994504374048616	2.0	2.0	2.0	2.0	37.0
38	7.184626108540838	2.0	2.0	2.0	2.0	35.0
39	6.734346722232648	2.0	2.0	2.0	2.0	35.0
40	6.3646216777824725	2.0	2.0	2.0	2.0	33.0
41	5.97881951084412	2.0	2.0	2.0	2.0	30.0
42	5.944477910981952	2.0	2.0	2.0	2.0	30.0
43	5.794350805829088	2.0	2.0	2.0	2.0	30.0
44	5.748185385621586	2.0	2.0	2.0	2.0	30.0
45	5.626481840361496	2.0	2.0	2.0	2.0	28.0
46	5.709681693057307	2.0	2.0	2.0	2.0	30.0
47	5.7961634075706705	2.0	2.0	2.0	2.0	30.0
>>END_MODULE
>>Per sequence quality scores	pass
#Quality	Count
2	1081884.0
3	129191.0
4	149452.0
5	111038.0
6	88391.0
7	76314.0
8	64819.0
9	55133.0
10	49022.0
11	46188.0
12	45802.0
13	47416.0
14	48740.0
15	51220.0
16	54044.0
17	58039.0
18	66283.0
19	78931.0
20	95805.0
21	110923.0
22	125479.0
23	138429.0
24	152239.0
25	166198.0
26	179854.0
27	195746.0
28	216280.0
29	249016.0
30	298622.0
31	369795.0
32	465142.0
33	594737.0
34	791388.0
35	1107437.0
36	1567235.0
37	2463894.0
38	5263694.0
39	1.5112767E7
40	495.0
>>END_MODULE
>>Per base sequence content	fail
#Base	G	A	T	C
1	25.675821771908993	26.78165307674939	20.628169940565737	26.914355210775888
2	22.21780205024656	30.322001238649182	25.744858414039797	21.715338297064463
3	27.56004442319759	20.68575730496765	23.554317532016217	28.199880739818546
4	33.45675717289429	24.978823528528505	18.381258570926178	23.183160727651025
5	22.131006514764156	28.54188880924446	24.358275803840964	24.96882887215042
6	27.999793662743443	20.415685735720263	24.77127252340392	26.813248078132375
7	35.022987084026	24.151894752232938	18.270103602199285	22.555014561541775
8	23.660285915367567	27.582914824693727	23.19626170446211	25.560537555476596
9	26.870488210340877	21.489343318855315	24.119980672618162	27.520187798185646
10	30.406388046303384	25.03617314836556	19.581296159593172	24.976142645737887
11	22.16384967511267	27.95194756906495	25.158505239858926	24.725697515963454
12	26.628407935388033	21.37787865655051	25.438806081831306	26.554907326230154
13	30.851208127160305	24.316667376772145	20.035779305724557	24.79634519034299
14	23.01416813708552	26.936684430565165	26.743567023102077	23.305580409247238
15	27.420804313637387	22.16463172960235	25.13936054595161	25.275203410808654
16	31.96132509060414	29.30190500340319	18.997448687997235	19.739321217995435
17	22.5514671623766	38.32446452259859	19.834994636044666	19.289073678980145
18	27.743752151040873	27.501837671639844	20.107815908877765	24.64659426844152
19	30.460593311358373	25.55654484066434	18.95494570326672	25.02791614471056
20	23.678423550473767	28.708300726570197	22.496612955848498	25.116662767107538
21	27.397614939421157	22.835592982443824	21.791825402617757	27.97496667551726
22	30.801704568708633	25.592703740836104	18.482953826059198	25.12263786439607
23	23.98649206696977	28.499626381629177	23.743247699520566	23.77063385188049
24	30.154104191742597	22.092294534929806	21.75512395239967	25.998477320927925
25	33.87008243424567	25.973683821843085	17.23159285283128	22.924640891079964
26	25.421994307203573	28.97102691140131	22.3796388966411	23.22733988475402
27	29.057101448554096	22.252693754641264	22.393645970379097	26.29655882642555
28	32.41507317284368	26.066513593518202	18.25212829750365	23.26628493613447
29	23.972766713318986	28.838548319455686	24.34836203705297	22.84032293017236
30	33.470782961994225	19.00350971276375	25.368826354444106	22.156880970797914
31	38.09350761108462	18.294803065365787	21.910039189236333	21.701650134313258
32	38.39164600906162	21.750655774979066	23.034033750921967	16.82366446503735
33	41.233630904347365	21.40279869257747	21.46047909822089	15.903091304854275
34	24.53430847406678	38.87920641367158	26.509799908540582	10.076685203721055
35	34.6916561362243	28.43094323570258	24.09895458177015	12.778446046302966
36	19.635951447231044	30.709840237825354	35.39129775415251	14.262910560791092
37	20.41456134894135	20.573374227821297	39.130793013881195	19.881271409356156
38	22.73058605762181	15.067017177734188	41.64266997626187	20.55972678838213
39	24.94645087393468	9.138619435582504	36.95784880272136	28.95708088776146
40	30.487294873079417	9.66770201217148	33.754514208047816	26.090488906701285
41	20.945516730520257	7.201058584846147	42.602105300177826	29.25131938445577
42	41.76050168914073	10.595799986319173	29.333456902087207	18.310241422452883
43	31.367705529488894	8.358784689359208	36.656217626434504	23.617292154717397
44	31.712441038148288	12.590730718920721	20.536794760293695	35.160033482637296
45	37.306413880611636	11.38899310127293	27.160959943414664	24.143633074700766
46	30.97248732807647	21.861705520689707	18.30939611476126	28.85641103647257
47	33.913478049155536	27.483021092288375	8.716266434301238	29.88723442425485
>>END_MODULE
>>Per sequence GC content	pass
#GC Content	Count
0	6211.0
1	6208.5
2	5449.0
3	4477.0
4	4265.0
5	4229.0
6	3688.0
7	3085.0
8	3144.5
9	3773.0
10	4629.0
11	5190.5
12	7216.0
13	10683.0
14	12695.5
15	15537.0
16	25036.5
17	34988.0
18	45016.5
19	64384.5
20	91292.0
21	111657.0
22	162874.5
23	229936.0
24	267581.0
25	318592.0
26	415261.0
27	518586.0
28	625480.5
29	789830.0
30	945425.0
31	1036995.0
32	1129383.0
33	1320399.0
34	1532870.0
35	1712748.5
36	1939335.0
37	2092109.5
38	2248647.0
39	2413318.0
40	2573446.0
41	2754737.5
42	2854349.0
43	2976443.5
44	3083741.0
45	3150486.5
46	3216214.5
47	3255256.0
48	3274084.0
49	3282858.5
50	3269471.5
51	3254624.5
52	3213891.0
53	3122857.5
54	3050690.5
55	2961718.0
56	2876296.0
57	2763024.0
58	2628055.5
59	2543695.0
60	2397032.5
61	2267194.0
62	2189610.5
63	2070801.5
64	1917550.0
65	1775152.5
66	1667322.0
67	1537046.0
68	1425087.0
69	1372503.5
70	1331874.0
71	1257149.0
72	1179250.0
73	1121663.0
74	1028581.5
75	931815.5
76	864071.0
77	794235.0
78	695603.5
79	622300.5
80	551469.5
81	465098.5
82	402629.5
83	340363.5
84	274379.5
85	220252.5
86	198005.0
87	182181.5
88	146466.0
89	120673.5
90	117558.0
91	104335.0
92	87004.5
93	81450.5
94	73579.0
95	57652.0
96	49027.0
97	48732.5
98	26345.5
99	4044.5
100	3986.0
>>END_MODULE
>>Per base N content	pass
#Base	N-Count
1	0.0
2	0.0
3	0.0
4	0.0
5	0.0
6	0.0
7	0.0
8	0.0
9	0.0
10	0.0
11	0.0
12	0.0
13	0.0
14	0.0
15	0.0
16	0.0
17	0.0
18	0.0
19	0.0
20	0.0
21	0.0
22	0.0
23	0.0
24	0.0
25	0.0
26	0.0
27	0.0
28	0.0
29	0.0
30	0.0
31	0.0
32	0.0
33	0.0
34	0.0
35	0.0
36	0.0
37	0.0
38	0.0
39	0.0
40	0.0
41	0.0
42	0.0
43	0.0
44	0.0
45	0.0
46	0.0
47	0.0
>>END_MODULE
>>Sequence Length Distribution	warn
#Length	Count
18	7977.0
19	15323.0
20	32559.0
21	74196.0
22	175040.0
23	348757.0
24	507465.0
25	878821.0
26	1796134.0
27	3139708.0
28	6043848.0
29	1.0921526E7
30	6305868.0
31	818255.0
32	189058.0
33	87133.0
34	65925.0
35	45162.0
36	28850.0
37	14926.0
38	6958.0
39	4487.0
40	4159.0
41	1758.0
42	6258.0
43	18052.0
44	10396.0
45	10889.0
46	17404.0
47	390190.0
>>END_MODULE
>>Sequence Duplication Levels	fail
#Total Deduplicated Percentage	37.77716176834055
#Duplication Level	Percentage of deduplicated	Percentage of total
1	74.49330805403844	28.14145749016236
2	11.090716024358368	8.379515467578255
3	4.39396276212595	4.9797432620668935
4	2.343245565411655	3.5408466715001077
5	1.508874171687242	2.850049183594989
6	1.0348822260306514	2.3456947958364167
7	0.7202393008055961	1.904601760491464
8	0.5323179058463011	1.6087567713071986
9	0.44048952711468714	1.4976399710764228
>10	2.90482606291759	21.20517759184932
>50	0.3220925729831961	8.527530522080358
>100	0.2129976719986331	14.62525135711345
>500	0.0020481546815990675	0.39373515534253745
>1k	0.0	0.0
>5k	0.0	0.0
>10k+	0.0	0.0
>>END_MODULE
>>Overrepresented sequences	pass
>>END_MODULE
>>Adapter Content	pass
#Position	Illumina Universal Adapter	Illumina Small RNA Adapter	Nextera Transposase Sequence	SOLID Small RNA Adapter
1	0.0	4.0666833463248226E-5	0.0	0.0
2	0.0	2.1271882119237534E-4	6.256435917422804E-6	0.0
3	0.0	2.1271882119237534E-4	6.256435917422804E-6	0.0
4	0.0	2.3148812894464374E-4	9.384653876134206E-6	0.0
5	0.0	2.3774456486206654E-4	9.384653876134206E-6	0.0
6	0.0	2.690267444491806E-4	9.384653876134206E-6	0.0
7	0.0	2.690267444491806E-4	9.384653876134206E-6	0.0
8	0.0	2.690267444491806E-4	1.2512871834845608E-5	0.0
9	0.0	2.7528318036660335E-4	1.2512871834845608E-5	0.0
10	3.128217958711402E-6	2.815396162840262E-4	1.2512871834845608E-5	0.0
11	6.256435917422804E-6	2.815396162840262E-4	1.2512871834845608E-5	3.128217958711402E-6
12	6.256435917422804E-6	2.815396162840262E-4	1.2512871834845608E-5	9.384653876134206E-6
13	6.256435917422804E-6	2.87796052201449E-4	1.2512871834845608E-5	9.384653876134206E-6
14	6.256435917422804E-6	2.87796052201449E-4	1.2512871834845608E-5	9.384653876134206E-6
15	6.256435917422804E-6	2.9405248811887176E-4	1.2512871834845608E-5	9.384653876134206E-6
16	6.256435917422804E-6	3.0343714199500597E-4	1.2512871834845608E-5	9.384653876134206E-6
17	6.256435917422804E-6	3.065653599537174E-4	2.1897525710979815E-5	9.384653876134206E-6
18	6.256435917422804E-6	3.1282179587114017E-4	2.1897525710979815E-5	9.384653876134206E-6
19	6.256435917422804E-6	3.1282179587114017E-4	2.1897525710979815E-5	9.384653876134206E-6
20	6.256435917422804E-6	3.1282179587114017E-4	2.1897525710979815E-5	9.384653876134206E-6
21	6.256435917422804E-6	3.253346677059858E-4	2.1897525710979815E-5	9.384653876134206E-6
22	6.256435917422804E-6	3.472321934169656E-4	2.1897525710979815E-5	9.384653876134206E-6
23	6.256435917422804E-6	3.7851437300407965E-4	2.1897525710979815E-5	9.384653876134206E-6
24	6.256435917422804E-6	4.1605298850861647E-4	2.1897525710979815E-5	9.384653876134206E-6
25	6.256435917422804E-6	5.599510146093409E-4	2.1897525710979815E-5	9.384653876134206E-6
26	6.256435917422804E-6	8.164648872236759E-4	2.1897525710979815E-5	9.384653876134206E-6
27	6.256435917422804E-6	0.0015860065050666808	2.1897525710979815E-5	9.384653876134206E-6
28	6.256435917422804E-6	0.003065653599537174	2.1897525710979815E-5	9.384653876134206E-6
29	6.256435917422804E-6	0.0053836631069423225	2.1897525710979815E-5	9.384653876134206E-6
30	6.256435917422804E-6	0.008718343450928678	2.1897525710979815E-5	9.384653876134206E-6
31	6.256435917422804E-6	0.01169327872966322	2.1897525710979815E-5	9.384653876134206E-6
32	9.384653876134206E-6	0.012103075282254414	2.1897525710979815E-5	9.384653876134206E-6
33	9.384653876134206E-6	0.012203178256933178	2.1897525710979815E-5	9.384653876134206E-6
34	9.384653876134206E-6	0.012203178256933178	2.1897525710979815E-5	9.384653876134206E-6
35	9.384653876134206E-6	0.012203178256933178	2.1897525710979815E-5	9.384653876134206E-6
>>END_MODULE
>>Kmer Content	fail
#Sequence	Count	PValue	Obs/Exp Max	Max Obs/Exp Position
TTTCGCG	955	0.0	624.90466	36
TATCTCG	1560	0.0	594.54736	41
ATTCGCG	1615	0.0	549.29486	36
TCGCGTA	320	0.0	526.98517	41
TTCGCGT	540	0.0	484.09903	37
TATTCGC	1190	0.0	438.74863	35
TTCGCGG	2765	0.0	425.4469	37
GGGTTTT	4520	0.0	379.67374	38
GGGGTTT	4095	0.0	375.04373	37
TTCTCGT	1930	0.0	364.01486	37
TCTCGTG	2845	0.0	343.41022	38
TCTCGTA	1440	0.0	318.79352	41
CGCCAAT	2095	0.0	306.72937	35
TCGCGTG	1220	0.0	306.4012	38
ATTTCGC	1510	0.0	297.89313	35
AATTTCG	2280	0.0	296.8901	34
TTTCTCG	2500	0.0	290.32733	36
AATTCGC	1470	0.0	289.60623	35
AGTCACG	1495	0.0	284.92648	30
GGTTTTT	4965	0.0	283.92212	39
>>END_MODULE
